<?xml version="1.0"?>
<FRAME>
    <HEAD>
        <X>210.6642</X>
        <Y>744.9078</Y>
        <Z>2233.175</Z>
        <ORI>
            0.99705, 0.02798343 ,0.07146324
            -0.02980699, 0.9992526 ,0.02457911
            -0.07072207, -0.02663663 ,0.9971402
        </ORI>
    </HEAD>
    <NECK>
        <X>204.4586</X>
        <Y>523.3149</Y>
        <Z>2239.082</Z>
        <ORI>
            0.99705, 0.02798343 ,0.07146324
            -0.02980699, 0.9992526 ,0.02457911
            -0.07072207, -0.02663663 ,0.9971402
        </ORI>
    </NECK>
    <TORSO_CENTER>
        <X>195.4158</X>
        <Y>301.074</Y>
        <Z>2233.629</Z>
        <ORI>
            0.9967405, 0.04064342 ,0.06968145
            -0.03882192, 0.9988723 ,-0.02729925
            -0.07071245, 0.02450516 ,0.9971955
        </ORI>
    </TORSO_CENTER>
    <LEFT_SHOULDER>
        <X>48.89819</X>
        <Y>529.3738</Y>
        <Z>2250.118</Z>
        <ORI>
            0.2943298, -0.7926992 ,-0.533852
            0.9524031, 0.1969001 ,0.2327201
            -0.07936148, -0.5769387 ,0.8129228
        </ORI>
    </LEFT_SHOULDER>
    <LEFT_ELBOW>
        <X>-32.29987</X>
        <Y>266.6302</Y>
        <Z>2272.011</Z>
        <ORI>
            0.131922, -0.7834545 ,-0.6072853
            0.9429457, 0.2881168 ,-0.1668592
            0.3056957, -0.5506247 ,0.776764
        </ORI>
    </LEFT_ELBOW>
    <LEFT_HAND>
        <X>-73.53871</X>
        <Y>-28.1348</Y>
        <Z>2176.451</Z>
        <ORI>
            0, 0 ,0
            0, 0 ,0
            0, 0 ,0
        </ORI>
    </LEFT_HAND>
    <RIGHT_SHOULDER>
        <X>360.019</X>
        <Y>517.256</Y>
        <Z>2228.045</Z>
        <ORI>
            0.2324241, 0.7771739 ,0.5847903
            -0.9722374, 0.1689068 ,0.1619409
            0.0270811, -0.606194 ,0.7948556
        </ORI>
    </RIGHT_SHOULDER>
    <RIGHT_ELBOW>
        <X>434.4477</X>
        <Y>205.9186</Y>
        <Z>2236.718</Z>
        <ORI>
            -0.01955361, 0.7787843 ,0.6269871
            -0.9374558, 0.2037145 ,-0.2822711
            -0.3475546, -0.5932921 ,0.7260925
        </ORI>
    </RIGHT_ELBOW>
    <RIGHT_HAND>
        <X>428.7919</X>
        <Y>-65.23611</Y>
        <Z>2136.189</Z>
        <ORI>
            0, 0 ,0
            0, 0 ,0
            0, 0 ,0
        </ORI>
    </RIGHT_HAND>
    <LEFT_HIP>
        <X>84.01485</X>
        <Y>82.81978</Y>
        <Z>2235.439</Z>
        <ORI>
            0.9904482, 0.1173427 ,0.07240681
            -0.03153522, 0.7039857 ,-0.7095136
            -0.1342296, 0.7004532 ,0.7009619
        </ORI>
    </LEFT_HIP>
    <LEFT_KNEE>
        <X>31.8017</X>
        <Y>-230.4276</Y>
        <Z>1923.763</Z>
        <ORI>
            0.9988188, 0.0293785 ,0.0387039
            0.01975838, 0.482141 ,-0.8758708
            -0.0443925, 0.8756009 ,0.4809909
        </ORI>
    </LEFT_KNEE>
    <LEFT_FOOT>
        <X>17.28453</X>
        <Y>-468.674</Y>
        <Z>1491.092</Z>
        <ORI>
            0, 0 ,0
            0, 0 ,0
            0, 0 ,0
        </ORI>
    </LEFT_FOOT>
    <RIGHT_HIP>
        <X>288.7311</X>
        <Y>74.84633</Y>
        <Z>2220.916</Z>
        <ORI>
            0.9583146, 0.2818549 ,0.04680756
            -0.2608592, 0.929957 ,-0.2590993
            -0.1165574, 0.2360885 ,0.9647159
        </ORI>
    </RIGHT_HIP>
    <RIGHT_KNEE>
        <X>163.3345</X>
        <Y>-338.8892</Y>
        <Z>2115.88</Z>
        <ORI>
            0.9881937, 0.1018019 ,0.1144966
            -0.09985227, 0.9947444 ,-0.02265079
            -0.1162007, 0.01095063 ,0.9931654
        </ORI>
    </RIGHT_KNEE>
    <RIGHT_FOOT>
        <X>119.7847</X>
        <Y>-764.4308</Y>
        <Z>2111.196</Z>
        <ORI>
            0, 0 ,0
            0, 0 ,0
            0, 0 ,0
        </ORI>
    </RIGHT_FOOT>
</FRAME>
